0 0.42248908296943233 0.6066706730769231 0.05131004366812227 0.060697115384615384
0 0.23253275109170304 0.06129807692307692 0.09934497816593886 0.10216346153846154
0 0.30458515283842796 0.6256009615384616 0.10152838427947598 0.10576923076923077
0 0.9129366812227074 0.6439302884615384 0.06277292576419213 0.07391826923076923
0 0.5715065502183406 0.7653245192307693 0.4432314410480349 0.46935096153846156
0 0.8747270742358079 0.9155649038461539 0.13919213973799127 0.1640625
0 0.1943231441048035 0.9423076923076923 0.06331877729257641 0.057692307692307696
0 0.3070414847161572 0.09495192307692307 0.060589519650655024 0.06610576923076923
0 0.8002183406113537 0.09615384615384616 0.055676855895196505 0.06009615384615385
0 0.2052401746724891 0.1201923076923077 0.09716157205240175 0.09615384615384616
0 0.47270742358078605 0.21334134615384615 0.07751091703056769 0.078125
0 0.9478711790393013 0.22956730769230768 0.10425764192139737 0.1141826923076923
0 0.798853711790393 0.23347355769230768 0.2210698689956332 0.23016826923076922
0 0.35152838427947597 0.25240384615384615 0.15611353711790393 0.16826923076923078
0 0.7991266375545851 0.027043269230769232 0.08078602620087336 0.054086538461538464
0 0.10043668122270742 0.38221153846153844 0.14847161572052403 0.13581730769230768
0 0.8389737991266376 0.4266826923076923 0.1812227074235808 0.18389423076923078
0 0.9235807860262009 0.046875 0.055676855895196505 0.06971153846153846
0 0.2816593886462882 0.4735576923076923 0.11790393013100436 0.12980769230769232
0 0.10971615720524018 0.5225360576923077 0.036026200873362446 0.043870192307692304
0 0.35889737991266374 0.5450721153846154 0.09770742358078603 0.10817307692307693
0 0.9129366812227074 0.5570913461538461 0.05949781659388646 0.07211538461538461