0 0.5160326086956522 0.06705729166666667 0.0483695652173913 0.04296875
0 0.39266304347826086 0.7180989583333334 0.14184782608695654 0.13411458333333334
0 0.31005434782608693 0.080078125 0.019021739130434784 0.024739583333333332
0 0.8869565217391304 0.818359375 0.01847826086956522 0.026041666666666668
0 0.6027173913043479 0.8330078125 0.24021739130434783 0.3209635416666667
0 0.8959239130434783 0.8623046875 0.02010869565217391 0.027994791666666668
0 0.34293478260869564 0.8909505208333334 0.20217391304347826 0.21028645833333334
0 0.8809782608695652 0.8929036458333334 0.017391304347826087 0.022786458333333332
0 0.9470108695652174 0.8938802083333334 0.03641304347826087 0.044270833333333336
0 0.17989130434782608 0.10384114583333333 0.16630434782608697 0.20377604166666666
0 0.03831521739130435 0.16666666666666666 0.03967391304347826 0.0546875
0 0.9342391304347826 0.201171875 0.12391304347826088 0.14713541666666666
0 0.1361413043478261 0.22200520833333334 0.03858695652173913 0.049479166666666664
0 0.6130434782608696 0.25 0.02717391304347826 0.036458333333333336
0 0.16032608695652173 0.2936197916666667 0.03695652173913044 0.044270833333333336
0 0.6801630434782608 0.037434895833333336 0.045108695652173916 0.057942708333333336
0 0.5209239130434783 0.4114583333333333 0.05597826086956522 0.07421875
0 0.31956521739130433 0.4352213541666667 0.12282608695652174 0.14518229166666666
0 0.7722826086956521 0.4772135416666667 0.13695652173913042 0.16015625
0 0.0875 0.5628255208333334 0.07934782608695652 0.09700520833333333
0 0.47608695652173916 0.060546875 0.04456521739130435 0.055989583333333336
0 0.16630434782608697 0.6412760416666666 0.057608695652173914 0.07942708333333333
0 0.12472826086956522 0.6487630208333334 0.029891304347826088 0.034505208333333336