0 0.7809045226130653 0.07021410579345089 0.0763819095477387 0.1026448362720403
0 0.09949748743718594 0.07021410579345089 0.06331658291457286 0.07745591939546599
0 0.5532663316582914 0.7034005037783375 0.10653266331658291 0.1385390428211587
0 0.9248743718592964 0.7468513853904282 0.15025125628140704 0.35642317380352645
0 0.8688442211055276 0.07651133501259445 0.12160804020100502 0.14042821158690177
0 0.13115577889447236 0.8003778337531486 0.04321608040201005 0.060453400503778336
0 0.4638190954773869 0.08501259445843828 0.08844221105527639 0.0982367758186398
0 0.032160804020100506 0.8781486146095718 0.04321608040201005 0.06486146095717885
0 0.27160804020100504 0.8794080604534005 0.04974874371859297 0.07115869017632241
0 0.45175879396984925 0.931360201511335 0.11155778894472362 0.13727959697732997
0 0.5253768844221105 0.9467884130982368 0.054773869346733665 0.07115869017632241
0 0.28015075376884424 0.11240554156171284 0.04974874371859297 0.06486146095717885
0 0.9334170854271356 0.11744332493702771 0.07788944723618091 0.09256926952141058
0 0.7608040201005025 0.1709697732997481 0.036180904522613064 0.039672544080604534
0 0.19623115577889447 0.18765743073047858 0.019597989949748745 0.03526448362720403
0 0.47361809045226133 0.2518891687657431 0.16532663316582916 0.17632241813602015
0 0.07361809045226131 0.28337531486146095 0.03165829145728643 0.037783375314861464
0 0.5394472361809045 0.3904282115869018 0.052763819095477386 0.06297229219143577
0 0.6223618090452261 0.4269521410579345 0.02763819095477387 0.031486146095717885
0 0.7701005025125628 0.43198992443324935 0.08793969849246232 0.11712846347607053
0 0.5605527638190955 0.4508816120906801 0.024623115577889446 0.028967254408060455
0 0.2314070351758794 0.4880352644836272 0.31105527638190955 0.4005037783375315