0 0.8818131256952169 0.7903780068728522 0.0828698553948832 0.06300114547537228
0 0.2525027808676307 0.08161512027491409 0.1757508342602892 0.15406643757159222
0 0.48414905450500556 0.8150057273768614 0.246384872080089 0.20618556701030927
0 0.2160734149054505 0.8215922107674685 0.1407119021134594 0.11053837342497136
0 0.1935483870967742 0.9286941580756014 0.08565072302558398 0.07617411225658649
0 0.6568409343715239 0.9690721649484536 0.06896551724137931 0.056128293241695305
0 0.717741935483871 0.18528064146620848 0.3097886540600667 0.2479954180985109
0 0.09816462736373749 0.18814432989690721 0.1896551724137931 0.1552119129438717
0 0.40378197997775306 0.026918671248568157 0.048943270300333706 0.04009163802978236
0 0.8943270300333704 0.35853379152348225 0.11345939933259176 0.08476517754868271
0 0.21051167964404893 0.37628865979381443 0.14404894327030032 0.13058419243986255
0 0.4944382647385984 0.5624284077892325 0.37486095661846497 0.2943871706758305