0 0.8543689320388349 0.6103707995365005 0.2796116504854369 0.26245654692931636
0 0.3441747572815534 0.06228273464658169 0.12815533980582525 0.11529548088064889
0 0.21286407766990292 0.7792584009269988 0.14514563106796116 0.13904982618771727
0 0.5742718446601942 0.7943221320973349 0.06990291262135923 0.07300115874855156
0 0.8412621359223301 0.8574739281575898 0.14757281553398058 0.13904982618771727
0 0.5798543689320388 0.8690614136732329 0.0441747572815534 0.04055619930475087
0 0.2992718446601942 0.8864426419466975 0.1645631067961165 0.16801853997682503
0 0.9402912621359223 0.936268829663963 0.11844660194174757 0.0880648899188876
0 0.5905339805825243 0.13180764774044032 0.048058252427184464 0.05504055619930475
0 0.25849514563106796 0.2213209733487833 0.08398058252427185 0.08574739281575898
0 0.43713592233009707 0.28447276940903826 0.04320388349514563 0.04519119351100811
0 0.27305825242718446 0.31025492468134414 0.05970873786407767 0.06431054461181923
0 0.6866504854368932 0.3183661645422943 0.07815533980582524 0.07821552723059096
0 0.0987864077669903 0.3366164542294322 0.16650485436893203 0.14831981460023175
0 0.5082524271844661 0.5141946697566628 0.2262135922330097 0.19756662804171496
0 0.12961165048543688 0.5144843568945539 0.12427184466019417 0.12746234067207415
0 0.23907766990291263 0.5234646581691773 0.07427184466019418 0.07589803012746234