0 0.2576476793248945 0.8857243319268636 0.1629746835443038 0.12869198312236288
0 0.07568565400843882 0.9229957805907173 0.0859704641350211 0.09212376933895922
0 0.7397151898734177 0.16244725738396623 0.1060126582278481 0.10970464135021098
0 0.3494198312236287 0.19374120956399438 0.14926160337552744 0.1371308016877637
0 0.8190928270042194 0.32243319268635723 0.19725738396624473 0.19057665260196907
0 0.31566455696202533 0.36322081575246135 0.10179324894514769 0.09774964838255977
0 0.39372362869198313 0.5436005625879043 0.084915611814346 0.08157524613220815
0 0.5896624472573839 0.057665260196905765 0.11286919831223628 0.1111111111111111
0 0.11392405063291139 0.5963431786216596 0.18143459915611815 0.16877637130801687
0 0.20991561181434598 0.05977496483825598 0.10232067510548523 0.09845288326300984
0 0.5954641350210971 0.6434599156118144 0.060126582278481014 0.06751054852320675