0 0.15598290598290598 0.5920512820512821 0.14335664335664336 0.15846153846153846
0 0.44133644133644134 0.668974358974359 0.2828282828282828 0.34307692307692306
0 0.6423853923853924 0.6692307692307692 0.09829059829059829 0.15384615384615385
0 0.8793706293706294 0.841025641025641 0.07109557109557109 0.08205128205128205
0 0.13073038073038074 0.8564102564102564 0.08508158508158509 0.10256410256410256
0 0.43278943278943277 0.9064102564102564 0.14918414918414918 0.18717948717948718
0 0.9675602175602176 0.9294871794871795 0.06487956487956488 0.08461538461538462
0 0.2511655011655012 0.9384615384615385 0.17055167055167056 0.12307692307692308
0 0.5889665889665889 0.25 0.2828282828282828 0.36153846153846153
0 0.21328671328671328 0.4 0.15306915306915306 0.2
0 0.4444444444444444 0.4346153846153846 0.12975912975912976 0.1564102564102564