0 0.2785041841004184 0.6709919261822376 0.10930962343096234 0.12283737024221453
0 0.6652719665271967 0.6957900807381776 0.09518828451882845 0.09976931949250288
0 0.3436192468619247 0.763840830449827 0.12133891213389121 0.11707035755478662
0 0.06171548117154812 0.7675893886966552 0.04497907949790795 0.05536332179930796
0 0.2594142259414226 0.8604382929642446 0.252092050209205 0.21337946943483277
0 0.8632322175732218 0.871683967704729 0.2641213389121339 0.24394463667820068
0 0.5475941422594143 0.10092272202998846 0.13179916317991633 0.09803921568627451
0 0.6080020920502092 0.2644175317185698 0.08838912133891214 0.10553633217993079
0 0.7586297071129707 0.3431372549019608 0.07269874476987448 0.06689734717416378
0 0.18959205020920503 0.37658592848904265 0.2662133891213389 0.26528258362168394
0 0.39173640167364016 0.04325259515570934 0.08472803347280335 0.06689734717416378
0 0.39252092050209203 0.4688581314878893 0.1354602510460251 0.1303344867358708
0 0.05805439330543933 0.470876585928489 0.08682008368200837 0.08823529411764706
0 0.5392259414225942 0.5449826989619377 0.12133891213389121 0.1245674740484429