0 0.1435912938331318 0.07346938775510205 0.156590084643289 0.1469387755102041
0 0.6714026602176542 0.7799319727891156 0.24123337363966144 0.22653061224489796
0 0.49818621523579204 0.07925170068027211 0.09189842805320435 0.09047619047619047
0 0.8539903264812576 0.08129251700680272 0.05743651753325272 0.06326530612244897
0 0.28869407496977023 0.845578231292517 0.22914147521160821 0.2217687074829932
0 0.24425634824667472 0.16428571428571428 0.07980652962515115 0.08775510204081632
0 0.840689238210399 0.1653061224489796 0.02720677146311971 0.04081632653061224
0 0.5217654171704957 0.23333333333333334 0.045949214026602174 0.04081632653061224
0 0.31680773881499397 0.2503401360544218 0.08948004836759371 0.11156462585034013
0 0.9407496977025392 0.29591836734693877 0.11003627569528417 0.11564625850340136
0 0.5985489721886336 0.3159863945578231 0.05199516324062878 0.05238095238095238
0 0.18621523579201935 0.37755102040816324 0.0761789600967352 0.0653061224489796
0 0.25967351874244254 0.3840136054421769 0.05380894800483676 0.04285714285714286
0 0.06408706166868199 0.38639455782312926 0.10640870616686819 0.10612244897959183
0 0.5012091898428053 0.3921768707482993 0.045949214026602174 0.03605442176870748
0 0.7421402660217654 0.4557823129251701 0.06348246674727932 0.08163265306122448
0 0.6248488512696493 0.46122448979591835 0.039298669891172915 0.04217687074829932
0 0.34492140266021765 0.4887755102040816 0.047762998790810154 0.05646258503401361
0 0.8872430471584039 0.4962585034013605 0.06348246674727932 0.06326530612244897
0 0.21130592503022974 0.5312925170068027 0.05380894800483676 0.07891156462585033
0 0.8316203143893591 0.5452380952380952 0.06952841596130592 0.07006802721088436
0 0.9044740024183797 0.6731292517006803 0.037484885126964934 0.04965986394557823