0 0.6164278403275333 0.6303680981595092 0.281985670419652 0.2770961145194274
0 0.2720061412487206 0.06952965235173825 0.07215967246673491 0.065439672801636
0 0.7612589559877175 0.07259713701431493 0.11310133060388945 0.11451942740286299
0 0.8318833162743091 0.8486707566462167 0.05373592630501536 0.05521472392638037
0 0.32471852610030705 0.8686094069529653 0.08955987717502559 0.09304703476482618
0 0.6594165813715456 0.9233128834355828 0.1345957011258956 0.12883435582822086
0 0.47978505629477997 0.19376278118609408 0.36284544524053225 0.3261758691206544
0 0.24948822927328557 0.19785276073619631 0.045547594677584444 0.041922290388548056
0 0.09237461617195497 0.2091002044989775 0.07318321392016376 0.07668711656441718
0 0.7177584442169908 0.2116564417177914 0.08546571136131013 0.09202453987730061
0 0.16709314227226202 0.42024539877300615 0.15916069600818833 0.16359918200409