0 0.14970930232558138 0.8161538461538461 0.1436046511627907 0.14153846153846153
0 0.15319767441860466 0.085 0.06453488372093023 0.06538461538461539
0 0.2642441860465116 0.85 0.11686046511627907 0.12615384615384614
0 0.6700581395348837 0.9092307692307692 0.08662790697674419 0.1
0 0.7162790697674418 0.938076923076923 0.056976744186046514 0.06692307692307692
0 0.5351744186046512 0.9703846153846154 0.08081395348837209 0.05923076923076923
0 0.32645348837209304 0.13076923076923078 0.009883720930232558 0.023076923076923078
0 0.46482558139534885 0.13538461538461538 0.1680232558139535 0.18923076923076923
0 0.17267441860465116 0.1726923076923077 0.12093023255813953 0.09
0 0.046511627906976744 0.195 0.015116279069767442 0.019230769230769232
0 0.29069767441860467 0.19692307692307692 0.0069767441860465115 0.015384615384615385
0 0.3125 0.205 0.023837209302325583 0.031538461538461536
0 0.08662790697674419 0.21615384615384614 0.009302325581395349 0.013846153846153847
0 0.7127906976744186 0.21769230769230768 0.19883720930232557 0.2353846153846154
0 0.8520348837209303 0.26615384615384613 0.21220930232558138 0.2569230769230769
0 0.6886627906976744 0.02923076923076923 0.07034883720930232 0.05384615384615385
0 0.49738372093023253 0.315 0.13313953488372093 0.14846153846153845
0 0.21656976744186046 0.04269230769230769 0.025 0.036153846153846154
0 0.1555232558139535 0.44384615384615383 0.020348837209302327 0.02
0 0.07645348837209302 0.4492307692307692 0.021511627906976746 0.026153846153846153
0 0.07994186046511628 0.4957692307692308 0.013372093023255814 0.023846153846153847
0 0.8328488372093024 0.5253846153846153 0.07848837209302326 0.1123076923076923
0 0.06627906976744186 0.536923076923077 0.011627906976744186 0.013846153846153847
0 0.6284883720930232 0.5907692307692308 0.30930232558139537 0.34615384615384615
0 0.1188953488372093 0.5992307692307692 0.009883720930232558 0.015384615384615385
0 0.15523255813953488 0.6061538461538462 0.05813953488372093 0.07538461538461538
0 0.9357558139534884 0.686923076923077 0.075 0.07692307692307693
0 0.1119186046511628 0.7073076923076923 0.10988372093023256 0.1176923076923077
0 0.29186046511627906 0.7576923076923077 0.12906976744186047 0.10461538461538461