0 0.4044823906083244 0.8419230769230769 0.10138740661686232 0.12692307692307692
0 0.6606189967982924 0.8823076923076923 0.01814300960512273 0.033846153846153845
0 0.43996798292422623 0.9253846153846154 0.10618996798292422 0.14307692307692307
0 0.024279615795090716 0.9284615384615384 0.0368196371398079 0.046153846153846156
0 0.8636606189967982 0.93 0.0912486659551761 0.10153846153846154
0 0.18009605122732122 0.9342307692307692 0.04215581643543223 0.06384615384615384
0 0.6408751334044824 0.10307692307692308 0.07257203842049093 0.07846153846153846
0 0.7430629669156884 0.12423076923076923 0.1008537886872999 0.12076923076923077
0 0.14887940234791888 0.13576923076923078 0.08110992529348986 0.06692307692307692
0 0.8932764140875133 0.19615384615384615 0.029882604055496264 0.038461538461538464
0 0.4469050160085379 0.021923076923076924 0.06456776947705443 0.04384615384615385
0 0.7318569903948773 0.02423076923076923 0.0528281750266809 0.04846153846153846
0 0.4570437566702241 0.2569230769230769 0.046424759871931696 0.07076923076923076
0 0.7006403415154749 0.2696153846153846 0.06616862326574173 0.09615384615384616
0 0.5261472785485592 0.33884615384615385 0.12059765208110992 0.17307692307692307
0 0.7302561366061899 0.3780769230769231 0.05389541088580576 0.07461538461538461
0 0.8391141942369263 0.3873076923076923 0.07417289220917823 0.10538461538461538
0 0.2852187833511206 0.4165384615384615 0.03575240128068303 0.05923076923076923
0 0.23292422625400214 0.425 0.019743863393810034 0.03461538461538462
0 0.37113127001067236 0.4453846153846154 0.0208110992529349 0.03230769230769231
0 0.18783351120597652 0.46576923076923077 0.04375667022411953 0.057692307692307696
0 0.5018676627534685 0.4703846153846154 0.1008537886872999 0.12846153846153846
0 0.32924226254002137 0.5292307692307693 0.054429028815368194 0.06923076923076923
0 0.6624866595517609 0.5761538461538461 0.059231590181430094 0.07076923076923076
0 0.03575240128068303 0.578076923076923 0.02774813233724653 0.04384615384615385
0 0.5933831376734259 0.5976923076923077 0.01814300960512273 0.021538461538461538
0 0.17689434364994663 0.6161538461538462 0.08377801494130203 0.10923076923076923
0 0.19023479188900747 0.6561538461538462 0.35592315901814303 0.47692307692307695
0 0.5338847385272145 0.6607692307692308 0.03148345784418356 0.047692307692307694
0 0.8503201707577375 0.6692307692307692 0.2033084311632871 0.26153846153846155
0 0.7051760939167556 0.7219230769230769 0.0432230522945571 0.05153846153846154
0 0.9762540021344717 0.7226923076923077 0.047491995731056565 0.1176923076923077
0 0.46851654215581645 0.7242307692307692 0.0288153681963714 0.036153846153846154
0 0.47091782283884737 0.7253846153846154 0.03148345784418356 0.046153846153846156