0 0.19490291262135923 0.6421568627450981 0.02378640776699029 0.03431372549019608
0 0.612378640776699 0.6537990196078431 0.025728155339805825 0.03799019607843137
0 0.6631067961165048 0.663296568627451 0.015533980582524271 0.016544117647058824
0 0.3533980582524272 0.6835171568627451 0.05825242718446602 0.06311274509803921
0 0.0970873786407767 0.6920955882352942 0.031067961165048542 0.034926470588235295
0 0.3567961165048544 0.7150735294117647 0.04466019417475728 0.05392156862745098
0 0.7038834951456311 0.7380514705882353 0.01262135922330097 0.016544117647058824
0 0.6694174757281554 0.7772671568627451 0.020388349514563107 0.02389705882352941
0 0.22524271844660193 0.890625 0.1766990291262136 0.21875
0 0.06383495145631068 0.9344362745098039 0.05776699029126214 0.07965686274509803
0 0.458252427184466 0.9353553921568627 0.07864077669902912 0.0974264705882353
0 0.7114077669902913 0.09375 0.022815533980582524 0.03431372549019608
0 0.38155339805825245 0.16207107843137256 0.043689320388349516 0.05943627450980392
0 0.26043689320388347 0.17616421568627452 0.3053398058252427 0.3400735294117647
0 0.6912621359223301 0.18995098039215685 0.10485436893203884 0.11397058823529412
0 0.9012135922330097 0.19607843137254902 0.02378640776699029 0.030637254901960783
0 0.5616504854368932 0.20863970588235295 0.02815533980582524 0.037377450980392156
0 0.5436893203883495 0.28278186274509803 0.04660194174757282 0.05698529411764706
0 0.10631067961165049 0.36611519607843135 0.11844660194174757 0.10723039215686274
0 0.762621359223301 0.43504901960784315 0.26601941747572816 0.31862745098039214
0 0.9888349514563107 0.05330882352941176 0.02233009708737864 0.05392156862745098
0 0.4893203883495146 0.5735294117647058 0.04271844660194175 0.051470588235294115