0 0.06256830601092896 0.6630170316301703 0.1087431693989071 0.12165450121654502
0 0.9721311475409836 0.670316301703163 0.05573770491803279 0.09124087591240876
0 0.6896174863387978 0.06782238442822384 0.04480874316939891 0.05048661800486618
0 0.8461748633879781 0.6952554744525548 0.07377049180327869 0.07664233576642336
0 0.8838797814207651 0.8120437956204379 0.04644808743169399 0.04257907542579075
0 0.31666666666666665 0.8248175182481752 0.3546448087431694 0.33211678832116787
0 0.7081967213114754 0.8482360097323601 0.04480874316939891 0.05048661800486618
0 0.8609289617486339 0.9577250608272506 0.059562841530054644 0.05048661800486618
0 0.49918032786885247 0.13594890510948904 0.2103825136612022 0.20255474452554745
0 0.8674863387978142 0.1760948905109489 0.04644808743169399 0.04440389294403893
0 0.3617486338797814 0.24239659367396593 0.07759562841530054 0.08698296836982969
0 0.837431693989071 0.27159367396593675 0.03770491803278689 0.04440389294403893
0 0.2683060109289617 0.02737226277372263 0.073224043715847 0.05474452554744526
0 0.03579234972677595 0.2989659367396594 0.048633879781420766 0.041970802919708027
0 0.2546448087431694 0.3686131386861314 0.24918032786885247 0.21046228710462286
0 0.8846994535519126 0.48327250608272504 0.19781420765027322 0.20012165450121655
0 0.728688524590164 0.5048661800486618 0.1448087431693989 0.16180048661800486
0 0.423224043715847 0.5279805352798054 0.13060109289617486 0.1435523114355231