0 0.048538622129436326 0.0735930735930736 0.07515657620041753 0.10822510822510822
0 0.40866388308977036 0.07467532467532467 0.018789144050104383 0.023809523809523808
0 0.28575156576200417 0.766955266955267 0.05167014613778706 0.07647907647907648
0 0.3144572025052192 0.7680375180375181 0.0360125260960334 0.045454545454545456
0 0.9112734864300627 0.7914862914862915 0.04279749478079332 0.05772005772005772
0 0.14561586638830898 0.8452380952380952 0.08455114822546973 0.1176046176046176
0 0.354384133611691 0.08513708513708514 0.021920668058455117 0.025974025974025976
0 0.2708768267223382 0.9184704184704184 0.11586638830897704 0.16305916305916307
0 0.39718162839248433 0.9343434343434344 0.07933194154488518 0.10822510822510822
0 0.238517745302714 0.09487734487734488 0.05845511482254697 0.06421356421356421
0 0.34237995824634654 0.9534632034632035 0.05323590814196242 0.05988455988455989
0 0.4692066805845512 0.9559884559884559 0.029227557411273485 0.04040404040404041
0 0.027400835073068893 0.9585137085137085 0.0360125260960334 0.045454545454545456
0 0.15605427974947808 0.10822510822510822 0.04279749478079332 0.05772005772005772
0 0.5545407098121086 0.12806637806637808 0.1403966597077244 0.17965367965367965
0 0.8348121085594989 0.1673881673881674 0.0255741127348643 0.03607503607503607
0 0.40501043841336115 0.1746031746031746 0.05323590814196242 0.09379509379509379
0 0.5728079331941545 0.17496392496392496 0.044363256784968684 0.07142857142857142
0 0.6691022964509394 0.19083694083694083 0.19937369519832984 0.37734487734487737
0 0.7823590814196242 0.2756132756132756 0.07411273486430063 0.09379509379509379
0 0.35020876826722336 0.2784992784992785 0.12839248434237996 0.14862914862914864
0 0.1967640918580376 0.2813852813852814 0.04801670146137787 0.06204906204906205
0 0.08481210855949896 0.3088023088023088 0.10594989561586639 0.10822510822510822
0 0.9196242171189979 0.34704184704184704 0.021920668058455117 0.04040404040404041
0 0.5824634655532359 0.37481962481962483 0.18893528183716074 0.22582972582972582
0 0.7875782881002088 0.38852813852813856 0.16805845511482254 0.1608946608946609
0 0.09786012526096033 0.44264069264069267 0.01722338204592902 0.023809523809523808
0 0.3058455114822547 0.45815295815295815 0.05323590814196242 0.06926406926406926
0 0.22390396659707723 0.4880952380952381 0.03966597077244259 0.05266955266955267
0 0.41727557411273486 0.5036075036075036 0.0360125260960334 0.050505050505050504
0 0.1022964509394572 0.5046897546897547 0.029227557411273485 0.03823953823953824
0 0.7873173277661796 0.5050505050505051 0.0861169102296451 0.10101010101010101
0 0.6466597077244259 0.05266955266955267 0.08455114822546973 0.10101010101010101
0 0.29201461377870563 0.5461760461760462 0.07776617954070981 0.10101010101010101
0 0.38308977035490605 0.5627705627705628 0.04488517745302714 0.06204906204906205
0 0.46424843423799583 0.5757575757575758 0.05688935281837161 0.0836940836940837
0 0.5441022964509394 0.5772005772005772 0.03914405010438413 0.06204906204906205
0 0.2776617954070981 0.6277056277056277 0.09290187891440502 0.09668109668109669
0 0.38856993736951984 0.6911976911976911 0.030793319415448852 0.04040404040404041