0 0.17867943548387097 0.8164933135215453 0.1587701612903226 0.20950965824665677
0 0.9609375 0.8974739970282318 0.05594758064516129 0.0861812778603269
0 0.9367439516129032 0.10178306092124814 0.03377016129032258 0.04903417533432392
0 0.08996975806451613 0.10401188707280833 0.05594758064516129 0.06537890044576523
0 0.43674395161290325 0.22213967310549776 0.15473790322580644 0.212481426448737
0 0.1302923387096774 0.2436849925705795 0.13860887096774194 0.18424962852897475
0 0.3162802419354839 0.34546805349182763 0.06703629032258064 0.08469539375928678
0 0.8016633064516129 0.4086181277860327 0.053931451612903226 0.07429420505200594
0 0.5370463709677419 0.4160475482912333 0.04889112903225806 0.0713224368499257
0 0.2925907258064516 0.4309063893016345 0.05796370967741935 0.07429420505200594
0 0.7401713709677419 0.5356612184249628 0.07207661290322581 0.09658246656760773
0 0.5466229838709677 0.5742942050520059 0.053931451612903226 0.08172362555720654
0 0.6428931451612904 0.6411589895988113 0.10735887096774194 0.14413075780089152