0 0.7441752096924511 0.0720164609053498 0.157502329916123 0.1440329218106996
0 0.4242777260018639 0.7338820301783264 0.06104380242311277 0.06858710562414266
0 0.9398881640260951 0.7616598079561042 0.12022367194780988 0.20644718792866942
0 0.39771668219944084 0.7959533607681756 0.044268406337371856 0.06515775034293553
0 0.05498602050326188 0.8487654320987654 0.10997204100652376 0.2037037037037037
0 0.6731127679403541 0.8775720164609053 0.15051258154706432 0.19272976680384088
0 0.4771668219944082 0.20164609053497942 0.03821062441752097 0.056241426611796985
0 0.1679869524697111 0.22565157750342935 0.06943150046598323 0.1083676268861454
0 0.385834109972041 0.23731138545953362 0.05312208760484623 0.07544581618655692
0 0.9794967381174278 0.25411522633744854 0.02702702702702703 0.04183813443072702
0 0.5892357875116496 0.25960219478737995 0.03867660764212488 0.051440329218107
0 0.17614165890027958 0.3840877914951989 0.0717614165890028 0.1056241426611797
0 0.673578751164958 0.40809327846364885 0.08620689655172414 0.11796982167352538
0 0.26095060577819196 0.47050754458161864 0.06710158434296365 0.0850480109739369
0 0.9161230195712954 0.48113854595336075 0.13047530288909598 0.1748971193415638
0 0.5284249767008388 0.5089163237311386 0.09506057781919851 0.13580246913580246
0 0.9585274930102516 0.5891632373113854 0.08201304753028892 0.10973936899862825
0 0.2488350419384902 0.06138545953360768 0.04473438956197577 0.05555555555555555
0 0.2786579683131407 0.6237997256515775 0.16961789375582478 0.21056241426611796