0 0.27546296296296297 0.6830601092896175 0.08693415637860083 0.09562841530054644
0 0.9323559670781894 0.8265027322404371 0.07973251028806584 0.1092896174863388
0 0.7479423868312757 0.8852459016393442 0.08847736625514403 0.1133879781420765
0 0.10853909465020577 0.9002732240437158 0.05452674897119342 0.07923497267759563
0 0.7564300411522634 0.2424863387978142 0.06430041152263374 0.07923497267759563
0 0.2890946502057613 0.3572404371584699 0.2788065843621399 0.36885245901639346
0 0.1412037037037037 0.03756830601092896 0.055041152263374485 0.07513661202185792
0 0.4521604938271605 0.4327185792349727 0.10082304526748971 0.14549180327868852
0 0.073559670781893 0.4880464480874317 0.1111111111111111 0.1290983606557377
0 0.488940329218107 0.6031420765027322 0.3184156378600823 0.3592896174863388
0 0.16152263374485595 0.6779371584699454 0.11625514403292181 0.14959016393442623