0 0.4404296875 0.24869791666666666 0.041015625 0.046875
0 0.44287109375 0.3033854166666667 0.0224609375 0.033854166666666664
0 0.51513671875 0.3177083333333333 0.0244140625 0.041666666666666664
0 0.4716796875 0.3248697916666667 0.017578125 0.02734375
0 0.41796875 0.4759114583333333 0.02734375 0.03515625
0 0.34521484375 0.4947916666666667 0.0361328125 0.044270833333333336
0 0.40673828125 0.5358072916666666 0.0185546875 0.022135416666666668
0 0.3681640625 0.546875 0.017578125 0.03125
0 0.4443359375 0.5774739583333334 0.021484375 0.03515625
0 0.6796875 0.591796875 0.1015625 0.16015625
0 0.408203125 0.6979166666666666 0.02734375 0.041666666666666664
0 0.505859375 0.7897135416666666 0.01953125 0.02734375
0 0.32421875 0.9029947916666666 0.02734375 0.04296875
0 0.43896484375 0.9837239583333334 0.0283203125 0.032552083333333336