0 0.6353571428571428 0.1383248730964467 0.030714285714285715 0.0532994923857868
0 0.5889285714285715 0.20812182741116753 0.02642857142857143 0.04568527918781726
0 0.6703571428571429 0.021573604060913704 0.04928571428571429 0.04314720812182741
0 0.05392857142857143 0.4289340101522843 0.04357142857142857 0.08121827411167512
0 0.7789285714285714 0.5 0.019285714285714285 0.04568527918781726
0 0.8589285714285714 0.516497461928934 0.025 0.04314720812182741
0 0.5253571428571429 0.6078680203045685 0.06642857142857143 0.10913705583756345
0 0.4067857142857143 0.6421319796954315 0.023571428571428573 0.04060913705583756
0 0.7117857142857142 0.7538071065989848 0.027857142857142858 0.05583756345177665
0 0.7896428571428571 0.7563451776649747 0.020714285714285713 0.050761421319796954
0 0.6525 0.07868020304568528 0.04642857142857143 0.08121827411167512
0 0.6132142857142857 0.8565989847715736 0.030714285714285715 0.06345177664974619