0 0.4287109375 0.16731770833333334 0.052734375 0.055989583333333336
0 0.44189453125 0.21614583333333334 0.0400390625 0.046875
0 0.39501953125 0.22916666666666666 0.0302734375 0.049479166666666664
0 0.43603515625 0.2662760416666667 0.0380859375 0.048177083333333336
0 0.91650390625 0.3424479166666667 0.0283203125 0.06510416666666667
0 0.2890625 0.3561197916666667 0.037109375 0.04296875
0 0.3271484375 0.3561197916666667 0.025390625 0.053385416666666664
0 0.6435546875 0.3984375 0.052734375 0.059895833333333336
0 0.27783203125 0.4108072916666667 0.0400390625 0.05859375
0 0.34130859375 0.416015625 0.0380859375 0.05859375
0 0.78125 0.4368489583333333 0.044921875 0.053385416666666664
0 0.49267578125 0.52734375 0.0302734375 0.052083333333333336
0 0.90478515625 0.6341145833333334 0.0380859375 0.057291666666666664
0 0.583984375 0.6627604166666666 0.041015625 0.0625
0 0.2939453125 0.86328125 0.041015625 0.044270833333333336
0 0.7158203125 0.953125 0.05078125 0.07552083333333333
0 0.76123046875 0.966796875 0.0576171875 0.06640625