0 0.5066037735849057 0.22693032015065914 0.0660377358490566 0.08097928436911488
0 0.07264150943396226 0.3455743879472693 0.0509433962264151 0.062146892655367235
0 0.6188679245283019 0.3531073446327684 0.13584905660377358 0.1487758945386064
0 0.19433962264150945 0.4406779661016949 0.052830188679245285 0.07156308851224105
0 0.7075471698113207 0.4632768361581921 0.06415094339622641 0.064030131826742
0 0.31981132075471697 0.5018832391713748 0.06981132075471698 0.08097928436911488
0 0.46037735849056605 0.5489642184557438 0.045283018867924525 0.062146892655367235
0 0.5726415094339623 0.062146892655367235 0.03207547169811321 0.03766478342749529
0 0.24056603773584906 0.6741996233521658 0.04339622641509434 0.064030131826742
0 0.4650943396226415 0.7128060263653484 0.09245283018867924 0.11487758945386065
0 0.0660377358490566 0.7928436911487758 0.045283018867924525 0.05649717514124294
0 0.9783018867924528 0.7947269303201506 0.04339622641509434 0.05273069679849341
0 0.9386792452830188 0.9096045197740112 0.07735849056603773 0.08662900188323917