0 0.3886904761904762 0.4676783602680331 0.024404761904761905 0.0390224674812771
0 0.5805059523809524 0.5096570752857706 0.029464285714285714 0.031533307055577456
0 0.5769345238095238 0.5991328340559716 0.4949404761904762 0.6976744186046512
0 0.22113095238095237 0.6407173827355144 0.04285714285714286 0.05400078833267639
0 0.2584821428571429 0.7611351990540007 0.030654761904761903 0.04572329523058731
0 0.09300595238095238 0.7830114308238076 0.01875 0.02089081592432006
0 0.465625 0.08159243200630666 0.029464285714285714 0.04256996452502956
0 0.502827380952381 0.08395743003547497 0.03005952380952381 0.03626330311391407
0 0.7738095238095238 0.864998029168309 0.015476190476190477 0.022467481277098935
0 0.3834821428571429 0.9018525817895152 0.033035714285714286 0.03310997240835633
0 0.44047619047619047 0.17461568782026016 0.016666666666666666 0.02837997635001971
0 0.7796130952380952 0.23472605439495467 0.021130952380952382 0.03823413480488766
0 0.7014880952380952 0.3222309814741821 0.025 0.03586913677571935
0 0.9361607142857142 0.35376428852975955 0.04017857142857143 0.05400078833267639