0 0.7783203125 0.13541666666666666 0.025390625 0.033854166666666664
0 0.86962890625 0.14778645833333334 0.0166015625 0.022135416666666668
0 0.89794921875 0.1796875 0.0205078125 0.026041666666666668
0 0.9423828125 0.22135416666666666 0.0234375 0.03125
0 0.78662109375 0.24283854166666666 0.0341796875 0.048177083333333336
0 0.92822265625 0.29296875 0.0224609375 0.028645833333333332
0 0.55908203125 0.38671875 0.0322265625 0.057291666666666664
0 0.50634765625 0.4069010416666667 0.0771484375 0.08984375
0 0.76513671875 0.4830729166666667 0.0361328125 0.0546875
0 0.0654296875 0.490234375 0.017578125 0.024739583333333332
0 0.640625 0.049479166666666664 0.02734375 0.028645833333333332
0 0.0751953125 0.56640625 0.017578125 0.026041666666666668
0 0.09765625 0.5904947916666666 0.025390625 0.040364583333333336
0 0.56884765625 0.07161458333333333 0.0087890625 0.020833333333333332
0 0.177734375 0.7766927083333334 0.11328125 0.12369791666666667
0 0.84130859375 0.8776041666666666 0.0322265625 0.044270833333333336
0 0.462890625 0.935546875 0.017578125 0.024739583333333332
0 0.15625 0.9817708333333334 0.025390625 0.028645833333333332
0 0.97119140625 0.111328125 0.0244140625 0.024739583333333332