0 0.8254545454545454 0.8007843137254902 0.03515151515151515 0.042352941176470586
0 0.8742424242424243 0.884313725490196 0.058787878787878785 0.06980392156862746
0 0.6606060606060606 0.9537254901960784 0.05333333333333334 0.06745098039215686
0 0.8821212121212121 0.971764705882353 0.07212121212121213 0.05647058823529412
0 0.7021212121212121 0.12313725490196079 0.10727272727272727 0.10352941176470588
0 0.23242424242424242 0.19254901960784312 0.09878787878787879 0.10901960784313726
0 0.8687878787878788 0.25450980392156863 0.058787878787878785 0.07137254901960784
0 0.08727272727272728 0.027058823529411764 0.07515151515151515 0.05411764705882353
0 0.15 0.33647058823529413 0.12181818181818181 0.14431372549019608
0 0.5484848484848485 0.49607843137254903 0.07878787878787878 0.10431372549019607
0 0.11666666666666667 0.5627450980392157 0.03575757575757576 0.04784313725490196
0 0.9142424242424242 0.7149019607843137 0.040606060606060604 0.04627450980392157
0 0.8415151515151515 0.7294117647058823 0.03333333333333333 0.04549019607843137