0 0.22969187675070027 0.6756666666666666 0.032679738562091505 0.05266666666666667
0 0.2677404295051354 0.7956666666666666 0.027544351073762838 0.04466666666666667
0 0.4668534080298786 0.08 0.02427637721755369 0.04133333333333333
0 0.07539682539682539 0.813 0.014472455648926238 0.03266666666666666
0 0.10107376283846872 0.8263333333333334 0.014472455648926238 0.026
0 0.5058356676003735 0.087 0.0350140056022409 0.04733333333333333
0 0.10760971055088703 0.8963333333333333 0.01727357609710551 0.03266666666666666
0 0.44351073762838467 0.181 0.025210084033613446 0.03133333333333333
0 0.19561157796451914 0.214 0.021475256769374416 0.017333333333333333
0 0.7700746965452848 0.24566666666666667 0.0350140056022409 0.05533333333333333
0 0.6951447245564892 0.3433333333333333 0.02334267040149393 0.036
0 0.9239028944911298 0.37666666666666665 0.0392156862745098 0.05733333333333333
0 0.18977591036414565 0.5333333333333333 0.021942110177404293 0.029333333333333333
0 0.5781979458450047 0.5336666666666666 0.021942110177404293 0.034
0 0.5840336134453782 0.628 0.4957983193277311 0.744