0 0.8319209039548022 0.22396694214876034 0.05649717514124294 0.0512396694214876
0 0.6024011299435028 0.228099173553719 0.04096045197740113 0.04297520661157025
0 0.1638418079096045 0.26694214876033057 0.09322033898305085 0.08760330578512397
0 0.9555084745762712 0.3611570247933884 0.08898305084745763 0.10743801652892562
0 0.7662429378531074 0.4041322314049587 0.03531073446327684 0.03801652892561983
0 0.24929378531073446 0.04132231404958678 0.05508474576271186 0.049586776859504134
0 0.10028248587570622 0.45206611570247934 0.11016949152542373 0.1768595041322314
0 0.04025423728813559 0.4578512396694215 0.0748587570621469 0.1024793388429752
0 0.9216101694915254 0.047933884297520664 0.052259887005649715 0.0628099173553719
0 0.873587570621469 0.0512396694214876 0.018361581920903956 0.03305785123966942
0 0.5148305084745762 0.5161157024793388 0.8036723163841808 0.8876033057851239
0 0.4957627118644068 0.5305785123966942 0.03672316384180791 0.03636363636363636
0 0.5190677966101694 0.6347107438016529 0.05790960451977401 0.05950413223140496
0 0.873587570621469 0.6512396694214876 0.046610169491525424 0.06611570247933884
0 0.07274011299435028 0.6801652892561983 0.10875706214689265 0.11074380165289256
0 0.1172316384180791 0.740495867768595 0.096045197740113 0.10578512396694215
0 0.5572033898305084 0.7727272727272727 0.04943502824858757 0.04132231404958678
0 0.17019774011299435 0.8355371900826446 0.052259887005649715 0.05785123966942149
0 0.931497175141243 0.8371900826446281 0.12005649717514125 0.16033057851239668
0 0.8290960451977402 0.8553719008264463 0.1271186440677966 0.15702479338842976
0 0.19491525423728814 0.9148760330578513 0.08757062146892655 0.09090909090909091
0 0.7097457627118644 0.9181818181818182 0.038135593220338986 0.03471074380165289
0 0.644774011299435 0.9553719008264463 0.038135593220338986 0.04297520661157025
0 0.19350282485875706 0.12975206611570247 0.12429378531073447 0.12396694214876033