0 0.77978515625 0.17513020833333334 0.0869140625 0.12109375
0 0.2958984375 0.24348958333333334 0.06640625 0.09635416666666667
0 0.81103515625 0.2708333333333333 0.0751953125 0.125
0 0.0615234375 0.3509114583333333 0.10546875 0.17317708333333334
0 0.873046875 0.4270833333333333 0.083984375 0.125
0 0.84716796875 0.5364583333333334 0.1142578125 0.15625
0 0.06689453125 0.609375 0.1103515625 0.14322916666666666
0 0.2578125 0.7317708333333334 0.064453125 0.1171875
0 0.3203125 0.794921875 0.10546875 0.13671875
0 0.1796875 0.8229166666666666 0.09375 0.140625
0 0.60986328125 0.9576822916666666 0.0693359375 0.08463541666666667