0 0.74609375 0.16666666666666666 0.052734375 0.07291666666666667
0 0.181640625 0.21744791666666666 0.052734375 0.08333333333333333
0 0.06982421875 0.21940104166666666 0.0498046875 0.08203125
0 0.4111328125 0.236328125 0.052734375 0.08203125
0 0.3046875 0.23958333333333334 0.044921875 0.0625
0 0.96826171875 0.2506510416666667 0.0634765625 0.09765625
0 0.89892578125 0.3502604166666667 0.0380859375 0.057291666666666664
0 0.45947265625 0.3515625 0.0380859375 0.07291666666666667
0 0.2412109375 0.037109375 0.052734375 0.07421875
0 0.9501953125 0.375 0.03125 0.07291666666666667
0 0.0888671875 0.498046875 0.046875 0.08463541666666667
0 0.7666015625 0.5299479166666666 0.083984375 0.12760416666666666
0 0.89501953125 0.5299479166666666 0.0673828125 0.1015625
0 0.91943359375 0.056640625 0.0478515625 0.07942708333333333
0 0.4912109375 0.5774739583333334 0.091796875 0.11848958333333333
0 0.23583984375 0.6080729166666666 0.0478515625 0.08854166666666667
0 0.2587890625 0.8346354166666666 0.056640625 0.07552083333333333
0 0.15283203125 0.8717447916666666 0.0576171875 0.08463541666666667
0 0.74169921875 0.880859375 0.0751953125 0.08203125
0 0.29345703125 0.9108072916666666 0.0576171875 0.07161458333333333
0 0.837890625 0.9622395833333334 0.052734375 0.07552083333333333
0 0.654296875 0.12109375 0.05078125 0.07291666666666667