0 0.712158203125 0.6766138855054811 0.01904296875 0.024360535931790498
0 0.788330078125 0.678136419001218 0.02099609375 0.024969549330085262
0 0.77392578125 0.976857490864799 0.015625 0.020706455542021926
0 0.591552734375 0.2990255785627284 0.02001953125 0.024360535931790498
0 0.93505859375 0.031668696711327646 0.0185546875 0.023142509135200974
0 0.05224609375 0.451278928136419 0.03125 0.0389768574908648
0 0.903564453125 0.4689403166869671 0.01416015625 0.01705237515225335
0 0.778564453125 0.5036540803897686 0.01611328125 0.020706455542021926
0 0.858642578125 0.51278928136419 0.01708984375 0.025578562728380026
0 0.9208984375 0.05237515225334957 0.0205078125 0.02679658952496955
0 0.52294921875 0.5749086479902558 0.0576171875 0.06577344701583435
0 0.978759765625 0.5840438489646772 0.01904296875 0.024360535931790498