0 0.08203125 0.142578125 0.021484375 0.02734375
0 0.25634765625 0.193359375 0.0185546875 0.02734375
0 0.10595703125 0.21158854166666666 0.0185546875 0.024739583333333332
0 0.09326171875 0.2708333333333333 0.0126953125 0.015625
0 0.09130859375 0.2858072916666667 0.0126953125 0.016927083333333332
0 0.71044921875 0.310546875 0.0166015625 0.01953125
0 0.67626953125 0.3307291666666667 0.0185546875 0.020833333333333332
0 0.31298828125 0.3483072916666667 0.0146484375 0.022135416666666668
0 0.703125 0.4069010416666667 0.017578125 0.022135416666666668
0 0.18212890625 0.576171875 0.0283203125 0.029947916666666668
0 0.36279296875 0.5944010416666666 0.0244140625 0.024739583333333332
0 0.2001953125 0.630859375 0.017578125 0.022135416666666668
0 0.24951171875 0.63671875 0.0166015625 0.0234375
0 0.75732421875 0.6614583333333334 0.0185546875 0.0234375
0 0.89892578125 0.708984375 0.0400390625 0.040364583333333336
0 0.87939453125 0.75 0.0244140625 0.026041666666666668