0 0.25046210720887246 0.18576709796672827 0.04251386321626617 0.04990757855822551
0 0.133086876155268 0.22365988909426987 0.036968576709796676 0.04436229205175601
0 0.6469500924214417 0.3438077634011091 0.066543438077634 0.066543438077634
0 0.6469500924214417 0.4214417744916821 0.10351201478743069 0.10720887245841035
0 0.5304990757855823 0.4611829944547135 0.04066543438077634 0.04621072088724584
0 0.18484288354898337 0.48613678373382624 0.07024029574861368 0.08502772643253234
0 0.6182994454713494 0.6829944547134935 0.19408502772643252 0.21256931608133087
0 0.0933456561922366 0.7578558225508318 0.031423290203327174 0.036968576709796676
0 0.9214417744916821 0.7624768946395564 0.04251386321626617 0.04990757855822551
0 0.38817005545286504 0.833641404805915 0.10720887245841035 0.11460258780036968
0 0.05730129390018484 0.8576709796672828 0.059149722735674676 0.07024029574861368
0 0.24676524953789278 0.8595194085027726 0.03512014787430684 0.036968576709796676
0 0.2948243992606285 0.8743068391866913 0.04621072088724584 0.05545286506469501
0 0.6478743068391867 0.9288354898336414 0.09796672828096119 0.11275415896487985
0 0.5046210720887245 0.09704251386321626 0.1589648798521257 0.18299445471349354
0 0.6312384473197782 0.13955637707948243 0.03512014787430684 0.038817005545286505
0 0.7079482439926063 0.14695009242144177 0.04805914972273567 0.053604436229205174