0 0.8817341408989481 0.7596095179987797 0.10455849537774944 0.21354484441732763
0 0.2535862288810966 0.8145210494203783 0.04303474657315907 0.08663819402074435
0 0.6354797577303156 0.9527150701647346 0.032196365954733824 0.0713849908480781
0 0.5769843799808735 0.11439902379499695 0.035702900860694935 0.0701647345942648
0 0.8498565508447561 0.1464307504575961 0.09818297736691106 0.19524100061012814
0 0.12719158431622568 0.20744356314826112 0.07459356072680905 0.1464307504575961
0 0.08575071724577622 0.23642464917632702 0.05227924768887472 0.09456985967053082
0 0.3066624163213261 0.2760829774252593 0.090532355753905 0.17876754118364857
0 0.0929231750079694 0.3233679072605247 0.08001275103602168 0.1342281879194631
0 0.46987567739878866 0.3248932275777913 0.04590372967803634 0.08846857840146431
0 0.8908192540643928 0.4179377669310555 0.10678992668154287 0.1537522879804759
0 0.685049410264584 0.5390482001220256 0.031240038253108064 0.075045759609518