0 0.397216796875 0.506797583081571 0.03369140625 0.029707955689828803
0 0.806396484375 0.6034743202416919 0.06787109375 0.06092648539778449
0 0.22705078125 0.6049848942598187 0.0634765625 0.05488418932527694
0 0.09423828125 0.6294058408862034 0.0361328125 0.03323262839879154
0 0.583984375 0.06570996978851963 0.029296875 0.0256797583081571
0 0.74072265625 0.07653575025176233 0.0302734375 0.021148036253776436
0 0.343017578125 0.8549848942598187 0.06005859375 0.06445115810674723
0 0.644775390625 0.09214501510574018 0.03955078125 0.038267875125881166
0 0.841552734375 0.10699899295065458 0.04736328125 0.0377643504531722
0 0.793212890625 0.12084592145015106 0.02587890625 0.025176233635448138
0 0.787109375 0.16137965760322256 0.0390625 0.03474320241691843
0 0.4189453125 0.16842900302114805 0.0615234375 0.06294058408862034
0 0.354248046875 0.19133937562940584 0.04345703125 0.04028197381671702
0 0.342041015625 0.24144008056394764 0.05126953125 0.05085599194360524
0 0.697021484375 0.2711480362537764 0.02392578125 0.028700906344410877
0 0.617431640625 0.27467270896273915 0.04052734375 0.04682779456193353
0 0.548095703125 0.2761832829808661 0.03271484375 0.02769385699899295
0 0.26513671875 0.2807150050352467 0.0458984375 0.04582074521651561
0 0.525390625 0.3474320241691843 0.03515625 0.030211480362537766
0 0.697265625 0.35221550855991945 0.046875 0.042799597180261835
0 0.175048828125 0.35221550855991945 0.05908203125 0.05387713997985901
0 0.88720703125 0.3673212487411883 0.0439453125 0.04481369587109768
0 0.75927734375 0.04028197381671702 0.0302734375 0.017119838872104734
0 0.19873046875 0.41842900302114805 0.0390625 0.038267875125881166
0 0.792236328125 0.42799597180261834 0.06396484375 0.059415911379657606
0 0.9052734375 0.45367573011077544 0.0380859375 0.03927492447129909
0 0.7861328125 0.47230614300100704 0.044921875 0.0433031218529708
0 0.470703125 0.4881671701913394 0.0947265625 0.081067472306143