0 0.3017578125 0.017578125 0.01953125 0.024739583333333332
0 0.25341796875 0.2721354166666667 0.0205078125 0.036458333333333336
0 0.529296875 0.4069010416666667 0.0546875 0.07682291666666667
0 0.30322265625 0.046223958333333336 0.0224609375 0.024739583333333332
0 0.39794921875 0.548828125 0.0224609375 0.029947916666666668
0 0.9345703125 0.5826822916666666 0.02734375 0.03515625
0 0.87548828125 0.638671875 0.0224609375 0.032552083333333336
0 0.3984375 0.720703125 0.0234375 0.029947916666666668
0 0.39892578125 0.7623697916666666 0.0263671875 0.032552083333333336
0 0.17236328125 0.08072916666666667 0.0205078125 0.026041666666666668
0 0.19189453125 0.08528645833333333 0.0126953125 0.022135416666666668
0 0.58740234375 0.8580729166666666 0.0166015625 0.0234375
0 0.22119140625 0.92578125 0.0888671875 0.11197916666666667