0 0.47401247401247404 0.2950310559006211 0.02494802494802495 0.034161490683229816
0 0.39501039501039503 0.43478260869565216 0.018711018711018712 0.027950310559006212
0 0.8295218295218295 0.5100931677018633 0.02494802494802495 0.04192546583850932
0 0.4506237006237006 0.5427018633540373 0.09251559251559252 0.14130434782608695
0 0.5997920997920998 0.5652173913043478 0.02286902286902287 0.034161490683229816
0 0.5956340956340956 0.6894409937888198 0.0498960498960499 0.07453416149068323
0 0.5265072765072765 0.781832298136646 0.030145530145530147 0.05124223602484472
0 0.6387733887733887 0.9138198757763976 0.028066528066528068 0.03881987577639751
0 0.3788981288981289 0.9627329192546584 0.02598752598752599 0.040372670807453416
0 0.6964656964656964 0.09782608695652174 0.02079002079002079 0.027950310559006212
0 0.42203742203742206 0.15217391304347827 0.035343035343035345 0.052795031055900624